97786.14000000
97843.99000000
97907.97000000
97837.58000000
97794.43000000
97777.03000000
97723.04000000
97740.01000000
97654.11000000
97727.99000000
97782.38000000
97672.48000000
97624.00000000
97654.06000000
97629.98000000
97663.99000000
97660.00000000
97708.84000000
97649.12000000
97611.62000000
97536.88000000
97531.10000000
97588.01000000
97648.00000000
97805.86000000
97786.29000000
97746.45000000
97780.54000000
97846.16000000
97926.08000000
97883.64000000
97930.33000000
97945.15000000
97994.62000000
97986.78000000
97970.55000000
98049.99000000
97956.02000000
97922.45000000
97922.20000000
97835.50000000
97807.52000000
97714.28000000
97788.00000000
97775.60000000
97741.82000000
97642.06000000
97586.97000000
97548.76000000
97565.28000000
97578.26000000
97563.35000000
97586.97000000
97618.15000000
97686.00000000
97655.76000000
97588.00000000
97555.86000000
97539.99000000
97550.45000000
97434.05000000
97335.03000000
97285.47000000
97287.55000000
97390.97000000
97215.99000000
97098.24000000
96956.02000000
97039.41000000
97002.52000000
97148.00000000
97109.85000000
97081.61000000
97057.90000000
97181.42000000
97107.75000000
97084.78000000
97030.44000000
97041.97000000
97115.38000000
97129.95000000
97048.11000000
97063.98000000
97046.47000000
97094.96000000
97148.79000000
97152.00000000
97259.99000000
97299.52000000
97272.00000000
97325.59000000
97207.35000000
97160.01000000
97144.00000000
97191.98000000
97261.51000000
97182.99000000
97248.38000000
97276.01000000
97216.00000000
97240.00000000
97219.49000000
97205.23000000
97281.45000000
97227.75000000
97362.52000000
97426.08000000
97403.49000000
97334.78000000
97419.72000000
97450.00000000
97452.00000000
97459.99000000
97456.53000000
97482.03000000
97487.99000000
97457.98000000
97486.95000000
97498.95000000
97547.82000000
97537.74000000
97531.02000000
97579.99000000
97533.89000000
97586.04000000
97588.87000000
97656.25000000
97663.99000000
97656.25000000
97667.10000000
97607.71000000
97552.18000000
97594.01000000
97625.49000000
97610.16000000
97602.87000000
97488.98000000
97448.69000000
97464.21000000
97463.98000000
97433.70000000
97428.01000000
97421.54000000
97451.90000000
97547.08000000
97589.51000000
97608.00000000
97590.52000000
97611.82000000
97616.73000000
97616.73000000
97596.21000000
97509.31000000
97463.32000000
97531.82000000
97503.04000000
97488.68000000
97396.73000000
97414.39000000
97449.53000000
97336.30000000
97382.90000000
97368.63000000
97449.53000000
97427.58000000
97482.01000000
97419.00000000
97415.98000000
97405.06000000
97380.02000000
97386.02000000
97383.89000000
97471.99000000
97441.76000000
97429.38000000
97464.86000000
97482.75000000
97476.32000000
97523.33000000
97583.26000000
97673.23000000
97684.01000000
97726.87000000
97748.33000000
97784.99000000
97713.96000000
97775.99000000
97689.65000000
97684.33000000
97682.47000000
97694.81000000
97621.76000000
97626.17000000
97550.01000000
97560.49000000
97529.74000000
97587.98000000
97631.55000000
97715.91000000
97669.58000000
97681.85000000
97752.00000000
97724.01000000
97748.02000000
97713.96000000
97723.98000000
97734.31000000
97735.59000000
97777.75000000
97793.10000000
97830.04000000
97813.82000000
97833.76000000
97880.02000000
97840.00000000
97805.00000000
97827.95000000
97768.01000000
97810.49000000
97790.58000000
97795.99000000
97842.00000000
97898.80000000
97934.23000000
97948.01000000
97985.00000000
97896.88000000
97844.96000000
97882.61000000
97888.66000000
97973.92000000
97928.01000000
97920.00000000
97986.60000000
97996.13000000
97986.61000000
98020.97000000
98009.93000000
97900.01000000
97800.01000000
97774.09000000
97776.01000000
97751.88000000
97768.01000000
97803.99000000
97791.31000000
97729.45000000
97728.00000000
97717.36000000
97745.98000000
97707.67000000
97669.56000000
97730.44000000
97694.65000000
97776.99000000
97742.33000000
97754.94000000
97799.99000000
97768.01000000
97776.99000000
97775.79000000
97765.81000000
97761.34000000
97761.35000000
97768.02000000
97777.99000000
97773.19000000
97776.00000000
97731.57000000
97672.00000000
97644.44000000
97588.01000000
97616.51000000
97667.99000000
97674.49000000
97689.65000000
97719.22000000
97691.87000000
97747.98000000
97759.99000000
97785.99000000
97779.99000000
97800.00000000
97852.00000000
97821.60000000
97810.05000000
97848.00000000
97939.59000000
97932.65000000
97918.57000000
97896.56000000
97867.46000000
97856.32000000
97903.98000000
97918.57000000
97970.03000000
97940.00000000
97949.01000000
97998.94000000
97973.91000000
97990.15000000
97996.00000000
97999.00000000
97992.85000000
98051.29000000
98119.04000000
98177.72000000
98132.00000000
98122.49000000
98169.30000000
98129.50000000
98130.00000000
98130.01000000
98215.74000000
98138.26000000
98206.45000000
98223.98000000
98162.64000000
98160.01000000
98036.03000000
98011.28000000
98063.02000000
98031.50000000
98050.00000000
98060.75000000
98086.35000000
98062.00000000
98100.00000000
98144.00000000
98099.99000000
98100.32000000
98087.49000000
98048.45000000
98041.83000000
98041.28000000
98052.00000000
98084.01000000
98090.99000000
98043.11000000
98019.97000000
98031.46000000
98047.33000000
98082.69000000
98125.25000000
98136.00000000
98108.00000000
98094.61000000
98055.20000000
98111.98000000
98167.38000000
98152.00000000
98220.47000000
98269.50000000
98308.69000000
98264.95000000
98306.87000000
98323.99000000
98260.39000000
98248.25000000
98269.43000000
98336.16000000
98369.00000000
98375.23000000
98349.43000000
98329.66000000
98347.99000000
98343.99000000
98307.99000000
98257.87000000
98267.99000000
98233.46000000
98238.53000000
98252.47000000
98208.00000000
98206.71000000
98199.99000000
98174.41000000
98144.00000000
98194.95000000
98207.99000000
98260.00000000
98288.00000000
98225.59000000
98224.34000000
98160.19000000
98204.63000000
98200.00000000
98206.50000000
98192.00000000
98147.13000000
98108.01000000
98072.09000000
98039.82000000
98056.00000000
98100.00000000
98072.76000000
98077.09000000
98118.13000000
98104.00000000
98095.99000000
98084.00000000
98072.11000000
98082.86000000
98068.97000000
98068.97000000
98118.13000000
98147.29000000
98169.31000000
98223.50000000
98179.78000000
98208.01000000
98131.28000000
98159.99000000
98199.96000000
98154.70000000
98200.00000000
98222.81000000
98219.98000000
98199.97000000
98247.82000000
98223.13000000
98220.01000000
98147.91000000
98147.91000000
98024.48000000
98011.99000000
97972.00000000
98023.99000000
98024.00000000
97986.00000000
98061.51000000
98055.98000000
98040.97000000
98035.94000000
98019.71000000
98008.43000000
97992.49000000
98004.00000000
97959.99000000
97902.19000000
97910.17000000
97915.98000000
97963.99000000
97908.38000000
97889.85000000
97880.81000000
97852.01000000
97843.61000000
97810.89000000
97779.99000000
97811.17000000
97843.99000000
97812.86000000
97862.33000000
97869.08000000
97898.20000000
97985.99000000
98072.68000000
98072.71000000
98047.55000000
98025.60000000
97989.51000000
98047.34000000
97936.01000000
97914.48000000
97943.47000000
97944.01000000
98051.90000000
97998.12000000
98099.98000000
98172.42000000
98199.00000000
98184.16000000
98202.85000000
98194.87000000
98180.36000000
98202.22000000
98208.00000000
98191.11000000
98209.05000000
98211.18000000
98152.01000000
98195.19000000
98212.01000000
98152.41000000
98180.52000000
98180.61000000
98250.00000000
98244.98000000
98247.82000000
98249.88000000
98263.73000000
98250.83000000
98233.00000000
98262.49000000
98247.71000000
98136.00000000
98143.99000000
98132.00000000
98147.00000000
98203.99000000
98198.00000000
98192.00000000
98188.01000000
98212.98000000
98211.56000000
98211.55000000
98186.96000000
98208.96000000
98208.84000000
98196.00000000
98217.39000000
98247.68000000
98227.38000000
98219.23000000
98252.39000000
98267.99000000
98292.00000000
98221.33000000
98229.03000000
98253.45000000
98217.93000000
98217.77000000
98205.00000000
98236.00000000
98256.11000000
98269.76000000
98280.65000000
98344.00000000
98400.00000000
98482.75000000
98554.77000000
98509.46000000
98555.55000000
98609.31000000
98607.74000000
98560.02000000
98536.01000000
98538.11000000
98615.87000000
98680.00000000
98742.57000000
98749.98000000
98772.01000000
98826.95000000
98830.01000000
98738.51000000
98717.53000000
98659.42000000
98699.75000000
98645.47000000
98667.44000000
98654.25000000
98719.75000000
98726.86000000
98658.25000000
98640.51000000
98643.76000000
98741.67000000
98667.99000000
98646.04000000
98583.99000000
98626.50000000
98577.38000000
98668.99000000
98634.89000000
98657.30000000
98647.88000000
98572.01000000
98592.19000000
98599.99000000
98604.38000000
98572.00000000
98528.54000000
98546.92000000
98528.00000000
98499.99000000
98500.00000000
98498.81000000
98479.99000000
98482.76000000
98487.36000000
98492.96000000
98527.45000000
98523.36000000
98481.40000000
98491.23000000
98514.41000000
98514.40000000
98514.39000000
98531.99000000
98588.00000000
98627.18000000
98643.01000000
98621.20000000
98596.01000000
98550.01000000
98520.30000000
98569.14000000
98565.57000000
98480.00000000
98459.57000000
98415.99000000
98366.08000000
98308.43000000
98248.01000000
98203.42000000
98262.49000000
98227.31000000
98329.85000000
98294.01000000
98327.87000000
98340.48000000
98288.51000000
98401.89000000
98388.19000000
98460.02000000
98433.99000000
98404.77000000
98367.65000000
98390.40000000
98490.90000000
98382.74000000
98304.00000000
98276.02000000
98220.01000000
98298.37000000
98275.03000000
98286.99000000
98308.02000000
98373.29000000
98327.91000000
98324.63000000
98341.99000000
98276.75000000
98330.74000000
98381.48000000
98369.46000000
98345.02000000
98313.73000000
98296.00000000
98360.45000000
98319.34000000
98339.49000000
98339.50000000
98355.07000000
98320.01000000
98390.16000000
98399.98000000
98431.91000000
98431.65000000
98444.16000000
98396.60000000
98397.90000000
98331.56000000
98324.01000000
98310.82000000
98349.32000000
98332.51000000
98304.51000000
98357.63000000
98390.43000000
98482.76000000
98482.76000000
98456.96000000
98487.29000000
98500.00000000
98513.61000000
98482.76000000
98471.36000000
98480.00000000
98479.99000000
98479.99000000
98438.77000000
98465.07000000
98432.52000000
98441.69000000
98361.12000000
98348.47000000
98387.96000000
98379.32000000
98344.44000000
98355.98000000
98250.99000000
98260.35000000
98208.01000000
98100.00000000
98108.00000000
98169.30000000
98220.47000000
98163.49000000
98142.91000000
98049.00000000
98107.99000000
98183.99000000
98178.13000000
98209.35000000
98187.99000000
98162.00000000
98192.00000000
98249.34000000
98217.01000000
98188.09000000
98229.54000000
98234.98000000
98255.89000000
98212.00000000
98255.85000000
98275.87000000
98199.25000000
98181.99000000
98100.01000000
98187.99000000
98118.15000000
98050.01000000
98068.97000000
98103.17000000
98048.69000000
98034.90000000
98074.40000000
98060.34000000
98027.96000000
97984.45000000
98015.81000000
98073.01000000
98018.80000000
98008.00000000
98013.97000000
98054.13000000
97995.53000000
98019.96000000
98047.99000000
98023.08000000
98014.64000000
97978.97000000
97977.69000000
98019.92000000
97982.53000000
98036.00000000
98056.00000000
98035.85000000
98059.48000000
97992.51000000
97948.01000000
97928.58000000
97923.42000000
97941.84000000
97885.56000000
97894.63000000
97878.32000000
97895.20000000
97933.50000000
97882.79000000
97878.20000000
97900.00000000
97930.12000000
97982.53000000
97949.99000000
97984.24000000
97942.00000000
97892.06000000
97904.44000000
97900.00000000
97867.07000000
97872.20000000
97898.99000000
97893.90000000
97763.22000000
97660.88000000
97586.98000000
97590.67000000
97464.00000000
97397.59000000
97338.86000000
97265.02000000
97399.98000000
97438.72000000
97500.00000000
97417.01000000
97330.00000000
97289.50000000
97222.23000000
97322.35000000
97305.31000000
97272.84000000
97241.38000000
97356.05000000
97428.01000000
97363.88000000
97335.99000000
97396.00000000
97470.41000000
97636.01000000
97609.07000000
97600.00000000
97462.06000000
97470.49000000
97508.39000000
97424.81000000
97520.01000000
97599.69000000
97599.78000000
97584.82000000
97673.29000000
97687.98000000
97764.47000000
97811.17000000
97701.76000000
97676.42000000
97672.96000000
97668.55000000
97680.95000000
97590.55000000
97647.67000000
97694.92000000
97689.30000000
97711.12000000
97672.96000000
97573.29000000
97594.00000000
97512.73000000
97530.60000000
97468.30000000
97496.75000000
97535.54000000
97490.13000000
97480.29000000
97529.81000000
97530.15000000
97536.01000000
97498.37000000
97573.22000000
97569.86000000
97473.24000000
97589.51000000
97631.76000000
97601.40000000
97547.98000000
97340.05000000
97446.67000000
97476.00000000
97384.00000000
97420.00000000
97431.90000000
97311.31000000
97240.00000000
97189.42000000
97131.07000000
97227.82000000
97234.76000000
97159.44000000
97230.00000000
97244.00000000
97105.16000000
97140.01000000
97276.29000000
97100.01000000
97023.51000000
97000.00000000
96980.00000000
97001.07000000
97140.00000000
97008.00000000
96899.00000000
96780.07000000
96614.24000000
96554.67000000
96595.06000000
96444.29000000
96359.93000000
96236.10000000
96142.40000000
96199.97000000
96119.97000000
96018.99000000
95962.99000000
95867.80000000
96135.38000000
96000.00000000
95864.08000000
95903.97000000
95928.01000000
95385.49000000
95776.45000000
95831.21000000
95568.76000000
95628.84000000
95556.00000000
95436.19000000
95390.19000000
95288.03000000
95312.13000000
95073.68000000
95043.62000000
94944.54000000
94787.11000000
94899.95000000
95252.49000000
95332.02000000
95529.66000000
95438.00000000
95586.83000000
95400.00000000
95231.05000000
95220.00000000
95312.20000000
95419.95000000
95619.99000000
95672.02000000
95795.98000000
95828.02000000
95887.99000000
96109.61000000
96332.99000000
96120.02000000
95964.56000000
96035.90000000
95888.01000000
95800.00000000
95763.49000000
95657.85000000
95746.06000000
95620.01000000
95778.09000000
95996.24000000
96073.01000000
96220.01000000
96140.00000000
95976.01000000
95998.83000000
96060.01000000
96261.83000000
96438.11000000
96412.01000000
96354.32000000
96192.35000000
96314.18000000
96359.48000000
96487.24000000
96412.00000000
96215.00000000
96111.79000000
96000.56000000
95953.40000000
96035.98000000
96139.99000000
96104.02000000
96101.01000000
95936.51000000
95924.01000000
95811.97000000
95755.62000000
95750.04000000
95884.00000000
96007.00000000
96130.01000000
96128.65000000
96147.97000000
96191.98000000
96073.48000000
96051.86000000
96175.97000000
96289.89000000
96317.47000000
96459.87000000
96404.02000000
96292.01000000
96194.74000000
96294.78000000
96269.72000000
96252.52000000
96152.00000000
96095.99000000
96249.13000000
96327.99000000
96247.99000000
96211.09000000
96159.90000000
96019.95000000
96016.59000000
96022.00000000
95954.42000000
95975.99000000
95990.01000000
95960.00000000
95936.00000000
95841.08000000
95863.99000000
95899.81000000
95824.00000000
95831.05000000
95844.01000000
95760.02000000
95714.28000000
95867.14000000
96007.97000000
96028.01000000
95878.99000000
95955.98000000
95996.99000000
